NAME	Freq(A)	Freq(V)	Freq(L)	Freq(I)	Freq(P)	Freq(M)	Freq(F)	Freq(W)	Freq(G)	Freq(S)	Freq(T)	Freq(C)	Freq(N)	Freq(Q)	Freq(Y)	Freq(D)	Freq(E)	Freq(K)	Freq(R)	Freq(H)
taxo=Eukaryota-Cryptophyceae-Cryptomonadales-Cryptomonas-curvata-accession=NC-035720	0.073410463806696	0.0715163305006655	0.104638066960172	0.0824715880004095	0.0408518480597932	0.0192484898126344	0.0434114876625371	0.0131053547660489	0.0808846114467083	0.0644005324050374	0.0578990478140678	0.0069622197194635	0.0410054264359578	0.037114774239787	0.0315347599058053	0.0408518480597932	0.0583085901505068	0.0601003378724276	0.0547250947066653	0.0175591276748234
taxo=Eukaryota-Sar-Stramenopiles-Ochrophyta-Bacillariophyta-Coscinodiscophyceae-Coscinodiscus-wailesii-accession=MW561224	0.0679290652239255	0.0617673579801623	0.108355876164713	0.0939785592625989	0.0396252880472899	0.0188858831780383	0.0473399458972047	0.0131249373810239	0.0743913435527502	0.0607654543632902	0.0586614567678589	0.00816551447750726	0.0494940386734796	0.0373710049093277	0.0335136759843703	0.038974050696323	0.0551046989279631	0.0653742110009017	0.0504959422903517	0.0166816952209197
mag=CHL-PON-Bin-100-11-c-taxonomy=Red-Haptophyta	0.0754523143656184	0.0718566291878317	0.106443696136065	0.0812168255236573	0.0397237600593573	0.0183779464642429	0.0461160892643114	0.012613435306204	0.0794475201187147	0.0618115404371897	0.0590719707779236	0.00781918840248844	0.0414930654643	0.0384681239655271	0.0309343074025455	0.0421208835112151	0.0577021859482906	0.0597568631927401	0.0525654928371668	0.0170081616346099
taxo=Eukaryota-Sar-Stramenopiles-Ochrophyta-Phaeophyceae-Dictyopteris-divaricata-accession=NC-036804	0.0640386413212839	0.0615975901111457	0.109795367196427	0.09281188324504	0.0397839409992729	0.0181780409265607	0.0535473148436688	0.0127246286485925	0.0729718500051937	0.0642463903604446	0.0577022956268827	0.00794640074789654	0.0476784044873792	0.0351095876181573	0.0324607873688584	0.0378103251272463	0.056299989612548	0.0687129947023995	0.0490807105017139	0.0175028565492885
mag=CHL-PON-Bin-171-25-c-taxonomy=Red-Ochrophyta	0.0652708741276297	0.0615052467741126	0.106140483004469	0.0959481849676156	0.0394637746648592	0.0183762614851634	0.0480494050308781	0.0132047999196666	0.0740573379525029	0.0627604558919516	0.0567354521263242	0.00908771401315459	0.050810865090124	0.0349952302053522	0.0330371039815233	0.039714816488427	0.0559823266556208	0.0687352512928654	0.0489029472310087	0.0172214690967515
taxo=Eukaryota-Sar-Stramenopiles-Ochrophyta-Bacillariophyta-Bacillariophyceae-Cylindrotheca-closterium-accession=KC509522	0.0685081771041085	0.0615775827682489	0.109593139210211	0.0914938173115277	0.0396390107698444	0.0189469485440766	0.0489130434782609	0.0129637016354208	0.0732947746310331	0.0603809333865178	0.0596330275229358	0.00842640606302353	0.0488133226964499	0.0374950139609095	0.0335560430793777	0.0390905464698843	0.0556441962504986	0.0641703230953331	0.0505584363781412	0.0173015556441963
taxo=Eukaryota-Rhodophyta-Florideophyceae-Nemaliophycidae-Balbiania-investiens-accession=NC-042171	0.0738974358974359	0.064974358974359	0.103282051282051	0.0930769230769231	0.040051282051282	0.0212820512820513	0.0435384615384615	0.0130769230769231	0.0788205128205128	0.0622051282051282	0.0561025641025641	0.00753846153846154	0.0417435897435897	0.0393846153846154	0.0313846153846154	0.0407179487179487	0.0558461538461538	0.0607692307692308	0.0526153846153846	0.0196923076923077
taxo=Eukaryota-Glaucocystophyceae-Cyanophora-paradoxa-accession=NC-001675	0.0804768081032673	0.0709653511209931	0.103637823482181	0.0826385028719659	0.0418751158050769	0.0202581681180903	0.0448397257735779	0.0139583719350256	0.0798591810264962	0.056698165647582	0.0547835217095917	0.00790562658266938	0.0416898276820456	0.0411957260206287	0.0292755234389476	0.0389105058365759	0.0586128095855722	0.0576863689704157	0.0564511148168736	0.018281761472423
taxo=Eukaryota-Sar-Stramenopiles-Ochrophyta-Phaeophyceae-Fucus-vesiculosus-accession=NC-016735	0.0629116747056688	0.0620818422281002	0.107515170374981	0.0960531092785644	0.0402468751620767	0.0178932627975727	0.051916394377885	0.0129142679321612	0.0741662776826928	0.0622374358176443	0.0571547118925367	0.0077278149473575	0.050516052071988	0.0343343187594004	0.0334007572221358	0.0380685649084591	0.0546652144598309	0.0700689798246979	0.0485970644676106	0.0175302110886365
taxo=Eukaryota-Sar-Stramenopiles-Ochrophyta-Pelagophyceae-Aureococcus-anophagefferens-accession=NC-012898	0.0754493717247986	0.0715613906575759	0.106496872710881	0.0810841268946864	0.0420916211190624	0.0202851186115963	0.0475009860821547	0.0129599368907421	0.0791119625852257	0.0606299656279935	0.0600664901110047	0.0095227362371105	0.0420916211190624	0.0369076463627655	0.0312165436411788	0.041359102946977	0.0546007775962134	0.0572491125260607	0.0527413083901504	0.0170733081647602
taxo=Eukaryota-Cryptophyceae-Pyrenomonadales-Guillardia-theta-accession=NC-000926	0.0743427483665175	0.0693008180274734	0.104697226938314	0.0843751607758399	0.0403354427123527	0.0194474455934558	0.0435766836445954	0.0132222050727993	0.0784586098677779	0.0585481298554304	0.057776405823944	0.0077172403148634	0.0454802695889283	0.0374028913927046	0.0328239954725523	0.042599166538046	0.0576735092864125	0.0614806811750785	0.053146061635026	0.0175953079178886
mag=CHL-AOS-Bin-166-7-c-taxonomy=Red-Cryptophyceae	0.0777083333333333	0.0759895833333333	0.101302083333333	0.0771875	0.04125	0.0209895833333333	0.0426041666666667	0.0127604166666667	0.08015625	0.063125	0.0557291666666667	0.0071875	0.0396875	0.03640625	0.03046875	0.0434375	0.0601041666666667	0.0615104166666667	0.0548958333333333	0.0175
mag=CHL-ARC-Bin-77-3-c-taxonomy=Red-Cryptophyceae	0.07662224797219	0.0748841251448436	0.104359791425261	0.0811123986095017	0.0426564310544612	0.0198435689455388	0.0430909617612978	0.0120220162224797	0.0800260718424102	0.0609067207415991	0.0582995365005794	0.00601100811123986	0.0386008111239861	0.0375869061413673	0.0297653534183082	0.0438876013904983	0.0582995365005794	0.0625724217844728	0.0542439165701043	0.0152085747392816
mag=CHL-PON-Bin-100-37-c-taxonomy=Red-Haptophyta	0.0742315238718116	0.0700348811859603	0.106605624591236	0.0837148463047744	0.039895356442119	0.0189666448659254	0.0464900806627425	0.013025942882058	0.078700675822978	0.0611510791366906	0.0596795291039895	0.00806627425332461	0.0420754305646392	0.0379877915849139	0.0315020710704164	0.0410943972095051	0.0571724438630913	0.0604970568999346	0.052103771528232	0.0170045781556573
taxo=Eukaryota-Sar-Stramenopiles-Ochrophyta-Dictyochophyceae-Rhizochromulina-marina-accession=NC-043890	0.0748277856654572	0.0696745017615817	0.109270652574013	0.0843981700583688	0.0423305463532629	0.0205079665562392	0.0462743860756166	0.0128306252300573	0.0762475679655046	0.0597360256612505	0.0596834411316191	0.00772992585581322	0.0440658358310985	0.0378608613345954	0.0301309354787821	0.0411211021717411	0.0552663406425829	0.0586843350686228	0.0521638533943314	0.0171951411894621
mag=ZHAN22-1-SAMN11355745-METAG-scaffold-354-taxonomy=Red-Haptophyta	0.0756395995550612	0.0771412680756396	0.106952169076752	0.0763070077864294	0.0412680756395996	0.0199666295884316	0.0466629588431591	0.0117908787541713	0.0780311457174638	0.0631813125695217	0.0568965517241379	0.00839822024471635	0.0418798665183537	0.0367074527252503	0.0294215795328142	0.0423804226918799	0.0578976640711902	0.0611790878754171	0.0507786429365962	0.0175194660734149
taxo=Eukaryota-Sar-Stramenopiles-Ochrophyta-Bacillariophyta-Coscinodiscophyceae-Thalassiosira-nordenskioeldii-accession=NC-058877	0.0705693664795509	0.063953488372093	0.108009222133119	0.0872594226142743	0.0400962309542903	0.0194466720128308	0.0482658380112269	0.0130312750601443	0.0748295910184443	0.061397353648757	0.0594927826784282	0.00847032878909383	0.0477646351242983	0.0355854049719326	0.0328287890938252	0.0407979149959904	0.0555332798716921	0.0640036086607859	0.0507718524458701	0.017892943063352
taxo=Eukaryota-Rhodophyta-Florideophyceae-Corallinophycidae-Calliarthron-tuberculosum-accession=NC-021075	0.0695531301482702	0.0617792421746293	0.102862438220758	0.0979200988467875	0.039075370675453	0.0205415980230642	0.0444810543657331	0.0131280889621087	0.0753706754530478	0.062757413509061	0.0539538714991763	0.00705313014827018	0.048754118616145	0.0390238879736409	0.0326400329489292	0.0403624382207578	0.0556528006589786	0.066824546952224	0.0491659802306425	0.0191000823723229
taxo=Eukaryota-Sar-Stramenopiles-Ochrophyta-Synurophyceae-Synura-uvella-accession=NC-040134	0.0616618844059261	0.0605492768050594	0.107747262399719	0.0931076887041049	0.0405223399894595	0.0172746969608245	0.0539321894946419	0.0141125490425719	0.0759501083328454	0.0653510569772208	0.0575042454763717	0.00977923522867014	0.0494232007963928	0.0333782280259999	0.0346079522164315	0.0356620015225157	0.0543420975581191	0.0699771622650348	0.047900685132049	0.017216138666042
taxo=Eukaryota-Cryptophyceae-Pyrenomonadales-Chroomonas-mesostigmatica-accession=KY860574	0.0756220939144653	0.0715855091717337	0.103520515047775	0.0801696387512135	0.0410811915589392	0.0203873077512646	0.0434827040008175	0.0132849624444331	0.0804762148076235	0.0640232997802872	0.0569209544734556	0.0071534413162332	0.0403658474273159	0.0366358387409943	0.0316284298196311	0.0427673598691942	0.0583516427367023	0.0615195953196055	0.0538551939093557	0.0171682591589597
taxo=Eukaryota-Sar-Stramenopiles-Ochrophyta-Bacillariophyta-Coscinodiscophyceae-Roundia-cardiophora-accession=NC-025312	0.0685342671335668	0.0626313156578289	0.108554277138569	0.0901950975487744	0.0406203101550775	0.0182591295647824	0.0483241620810405	0.0131565782891446	0.0744872436218109	0.0625812906453227	0.0581290645322661	0.00840420210105053	0.0487743871935968	0.0358179089544772	0.0332166083041521	0.0396198099049525	0.0554277138569285	0.064632316158079	0.0510255127563782	0.0176088044022011
taxo=Eukaryota-Rhodophyta-Rhodellophyceae-Dixoniellales-Bulboplastis-apyrenoidosa-accession=NC-034787	0.0681756938830504	0.0658043654001617	0.103799514955538	0.0952303961196443	0.0388035569927243	0.0201023982753975	0.0440312584209108	0.0124494745351657	0.0745351657235247	0.0635408245755861	0.0556184316895715	0.00749124225276206	0.0471032066828348	0.0391269199676637	0.0340609000269469	0.039827539746699	0.0543788736189706	0.0680679062247373	0.048558340070062	0.019293990838049
taxo=Eukaryota-Sar-Stramenopiles-Ochrophyta-Bacillariophyta-Bacillariophyceae-Psammodictyon-constrictum-accession=NC-061048	0.0701544593921276	0.0629297458893871	0.108868958644743	0.0890383657199801	0.0397608370702541	0.0193323368211261	0.048729446935725	0.0128550074738416	0.0743398106626806	0.0598903836571998	0.0601395117090184	0.00837070254110613	0.047085201793722	0.0363726955655207	0.0333333333333333	0.0408071748878924	0.056203288490284	0.0652715495764823	0.0497757847533632	0.0167414050822123
mag=CHL-ARC-Bin-205-11-c-taxonomy=Red-Haptophyta	0.0746382330540746	0.0733326079860733	0.109128495267109	0.0798063322815798	0.0404743771080405	0.0183875530410184	0.046023283647046	0.0127842454575128	0.07996953541508	0.0609291698400609	0.058045914481558	0.00810575563050811	0.0400935697965401	0.0368295071265368	0.0308453922315308	0.041018387553041	0.0578283103035578	0.0613099771515613	0.0531498204765532	0.0172995321510173
taxo=Eukaryota-Sar-Stramenopiles-Ochrophyta-Bacillariophyta-Bacillariophyceae-Fragilariopsis-cylindrus-accession=NC-045244	0.0687691633815155	0.0630201489268506	0.106986421375383	0.0890823477879982	0.0405168637757337	0.0185611038107753	0.0470871660096364	0.0128120893561104	0.0744086727989487	0.0626916338151555	0.0597349978098993	0.0086508979413053	0.047634691195795	0.0369031975470872	0.0321944809461235	0.0408453788874288	0.0562855891371003	0.0672908453788874	0.0492225142356548	0.0173017958826106
taxo=Eukaryota-Viridiplantae-Streptophyta-Mesostigmatophyceae-Mesostigma-viride-accession=NC-002186	0.0757105521071545	0.0703201568114995	0.102335837961451	0.0821626919307416	0.0436131983012088	0.0236033975824894	0.0484318850049004	0.0167428944789285	0.0830610911466841	0.0602744201241424	0.0526788631166286	0.00865730153544593	0.041734727213329	0.0373244037896112	0.0318523358379615	0.0393662201894806	0.0516987912446913	0.0524338451486442	0.0562724599803986	0.0217249264946096
mag=CHL-MED-Bin-263-9-c-taxonomy=Red-Ochrophyta	0.0671828867472564	0.0613336304384157	0.109408946576792	0.0917497632443875	0.0397192356971756	0.0185504985794663	0.0460698568324884	0.0110857333853267	0.0703581973149128	0.0620021168737118	0.0605537295972369	0.00863461645590775	0.0493565818060275	0.0383822628265835	0.0328115425324494	0.040109186117765	0.0564313965795777	0.0687983956325553	0.0512506267060331	0.01621079605593
mag=CHL-ARC-Bin-205-7-c-taxonomy=Red-Haptophyta	0.0732836848363477	0.0730959384191752	0.106514800675887	0.0811690343575943	0.0393641654671757	0.0188998059953689	0.0429313473934539	0.00988797797108705	0.0776644345703736	0.0616434069716503	0.0595156142436949	0.00801051379936166	0.0415545403341886	0.0373615370173353	0.0304149195819513	0.0438700794793166	0.0608924213029601	0.0658989924275612	0.0537580574504037	0.014268727705113
taxo=Eukaryota-Haptophyta-Prymnesiophyceae-Phaeocystales-Phaeocystis-globosa-accession=MT471323	0.0767715487408827	0.0722994196880158	0.1058936272161	0.0799659266357877	0.0404088803705478	0.0189000692115211	0.0469041154235213	0.0131501890006921	0.0786881754778257	0.0613852952137571	0.0596283873715594	0.00857158068466166	0.0417931107916733	0.0380663365809509	0.0313049033700687	0.0412074748442741	0.0563807698450727	0.0586700740030879	0.0530266730554225	0.0169834424745781
mag=CHL-AOS-Bin-125-42-c-taxonomy=Red-Ochrophyta	0.0661242264496906	0.0659523263809306	0.106062342424937	0.0967797387118955	0.0401673160669264	0.0191382076552831	0.0493926197570479	0.0130071052028421	0.0766674306669723	0.0613110245244098	0.0558675223470089	0.00859500343800138	0.0522576209030484	0.0359271143708457	0.0344373137749255	0.0381618152647261	0.0544350217740087	0.0611964244785698	0.0479028191611277	0.0166170066468027
taxo=Eukaryota-Rhodophyta-Bangiophyceae-Cyanidiales-Cyanidium-caldarium-accession=NC-001840	0.0664045898852529	0.0637484062898428	0.104069273268168	0.097163195920102	0.0402677433064173	0.0197088822779431	0.0476519337016575	0.0125371865703357	0.0733637909052274	0.0673076923076923	0.0494581385465363	0.00892477688057799	0.0486612834679133	0.0344241393965151	0.0324585635359116	0.0381427964300892	0.0553548661283468	0.0736825329366766	0.0469613259668508	0.0197088822779431
taxo=Eukaryota-Sar-Stramenopiles-Ochrophyta-Dictyochophyceae-Pseudopedinella-elastica-accession=NC-044408	0.0740971680956092	0.0665107820213042	0.104130943102104	0.0876591322421408	0.041153546375682	0.0199532346063913	0.0455702779942842	0.0130423486619901	0.0773187840997662	0.0611587425305274	0.0601714731098987	0.00763834762275916	0.04764873993245	0.0355936606910886	0.0316445830085737	0.0390750844375162	0.0570018186541959	0.0633411275656015	0.0506105481943362	0.0166796570537802
mag=CHL-PON-Bin-100-39-c-taxonomy=Red-Haptophyta	0.0770224719101124	0.0752247191011236	0.106292134831461	0.0757303370786517	0.0408988764044944	0.0191573033707865	0.0476404494382022	0.012752808988764	0.0796629213483146	0.0625280898876405	0.0576966292134831	0.00825842696629213	0.0402247191011236	0.037247191011236	0.0297752808988764	0.0414606741573034	0.0587640449438202	0.06	0.0531460674157303	0.0165168539325843
taxo=Eukaryota-Rhodophyta-Bangiophyceae-Cyanidiales-Cyanidiococcus-yangmingshanensis-accession=NC-051883	0.0879263670817542	0.0741201949106659	0.108662696264212	0.0701136978884678	0.0395235517054683	0.026042230644288	0.0384407146724418	0.0177585273416351	0.0742826204656199	0.0583107742284786	0.0530048727666486	0.0103952355170547	0.0343800757985923	0.0521927449918787	0.0323226854358419	0.0373578776394153	0.0522468868435301	0.0532214401732539	0.0554412560909583	0.0242555495397943
taxo=Eukaryota-Cryptophyceae-Pyrenomonadales-Teleaulax-amphioxeia-accession=NC-027589	0.0774662300450266	0.0734752353663529	0.100337699549734	0.0791035611952517	0.041189111747851	0.0214899713467049	0.043389275480966	0.0130474826033565	0.0808943921408105	0.0633954154727794	0.0557204257060991	0.0073679901760131	0.0405751125665166	0.0366352844862874	0.0306487924682767	0.0423659435120753	0.0601719197707736	0.0602742529676627	0.0547482603356529	0.0177036430618093
mag=CHL-AON-Bin-220-32-c-taxonomy=Red-Cryptophyceae	0.0790112960038868	0.0743349933195676	0.0998420988703996	0.0798008016518887	0.0422689177699502	0.0205271468480505	0.0423296489736427	0.0128142839791085	0.0819263937811247	0.0629175270253856	0.0559941698044455	0.00674116360986275	0.0401433256407142	0.0375318838819385	0.0308514514757682	0.0412972185108709	0.0593951172112231	0.0627960646180007	0.0519251791570509	0.0175513178671201
mag=CHL-ARC-Bin-238-41-c-taxonomy=Red-Haptophyta	0.0737912057056214	0.0730611557252766	0.107317347110687	0.078901555568035	0.0399281181557814	0.019205930252148	0.0458808333801314	0.0124108496658617	0.0795192901667883	0.0618296175661257	0.0604818329870276	0.00819902285618015	0.0407704835177178	0.0364463413264447	0.0312798337732352	0.0426236873139776	0.059021733026338	0.0622788790924917	0.0510473409333408	0.01600494187679
taxo=Eukaryota-Sar-Stramenopiles-Ochrophyta-Bacillariophyta-Coscinodiscophyceae-Chaetoceros-socialis-accession=MW845776	0.0723792433079109	0.0657494641343901	0.107173121977967	0.086336673146902	0.0405263944967848	0.0196400977020089	0.0467573899606201	0.0130601664921988	0.0756193609491052	0.0606151238721898	0.0592692288520014	0.00797567419370919	0.0462589103235133	0.0366881012910623	0.032799960121629	0.0417725935895519	0.0559294152833857	0.0622102587109317	0.0516923383679777	0.0175464832261602
taxo=Eukaryota-Rhodophyta-Stylonematophyceae-Bangiopsis-subsimplex-accession=NC-031173	0.0736929203082174	0.066039199462171	0.103790660391995	0.0879143610694523	0.0408543207322749	0.0193928737653204	0.0439054662046853	0.013135439830377	0.0776232093913223	0.0632983399700057	0.0563686197445312	0.00703314888555619	0.0439054662046853	0.0412680353726017	0.0329420282360242	0.038320318560273	0.0565754770646946	0.0630397683198014	0.0530589026219165	0.0178414438640947
taxo=Eukaryota-Viridiplantae-Chlorophyta-Chlorophyceae-Tetradesmus-obliquus-accession=NC-008101	0.0786897590361446	0.072289156626506	0.104292168674699	0.0702183734939759	0.0455572289156626	0.0235316265060241	0.0572289156626506	0.0191076807228916	0.0838667168674699	0.0587349397590361	0.0545933734939759	0.00903614457831325	0.0411332831325301	0.0384977409638554	0.0336972891566265	0.0346385542168675	0.0476280120481928	0.0542168674698795	0.0509224397590361	0.0221197289156627
taxo=Eukaryota-Sar-Stramenopiles-Ochrophyta-Bacillariophyta-Fragilariophyceae-Asterionella-formosa-accession=KC509519	0.0678396969394876	0.0610108663144253	0.109959126707208	0.0923636726148938	0.0399262286910577	0.0191905094207955	0.0492473332668727	0.0128601335858838	0.0747183730435649	0.062605921642907	0.0577709101784468	0.00842388595354401	0.0483999601236168	0.0354401355797029	0.0322998704017546	0.0398763832120427	0.0555777091017845	0.0653474229887349	0.0505433157212641	0.0165985445120128
taxo=Eukaryota-Rhodophyta-Bangiophyceae-Bangiales-Bangiaceae-Porphyra-purpurea-accession=NC-000925	0.0764968446975527	0.0718793289210405	0.102714073161972	0.0823970037453183	0.0417115591811605	0.0212405725719563	0.0432507311066646	0.0131855728284849	0.0783951567390078	0.0630547432148171	0.0553588835872967	0.00774716535837053	0.0425837566056128	0.0391462726386537	0.0304756041249808	0.0416089477194603	0.0564876096659997	0.0618234056744138	0.0526909855830896	0.017751782874147
mag=CHL-AOS-Bin-162-24-c-taxonomy=Red-Haptophyta	0.0746912581567168	0.0747451868629672	0.105268834600658	0.0764709054629779	0.0402308148627514	0.0195761203688724	0.0468640457315429	0.0130507469125816	0.0803537723130022	0.0618022973628863	0.0595372917003721	0.00841287817505258	0.0395836703877474	0.0366175915439789	0.0312247209189452	0.0426576066440166	0.0579733592191123	0.062233727012889	0.0523108450628269	0.0163943267001025
mag=CHL-PON-Bin-64-11-c-taxonomy=Red-Haptophyta	0.073901623686724	0.0721704871060172	0.105241165234002	0.0798710601719198	0.0390998089780325	0.0185649474689589	0.0444723018147087	0.0118194842406877	0.0776623686723973	0.0636341929321872	0.0592765042979943	0.00817812798471824	0.0419054441260745	0.0376671442215855	0.0315186246418338	0.0433381088825215	0.0592168099331423	0.0642908309455587	0.0524116523400191	0.0157593123209169
mag=CHL-AOS-Bin-179-1-c-taxonomy=Red-Ochrophyta	0.0719268330491397	0.0692915827003565	0.104014881413734	0.0865498889061127	0.0414406035240014	0.019221826073477	0.0462460600423707	0.012917893866584	0.0783857799824317	0.0640210820027903	0.0566837182865706	0.00780240789541673	0.046142716891438	0.0354467007699065	0.0301762000723402	0.0435074665426549	0.0560636593809745	0.0619025474086705	0.0508965018343409	0.0173616493566889
mag=TARA-B110000977-METAG-scaffold-147-taxonomy=Red-New	0.0696437790397522	0.0669075890552401	0.106763035622096	0.089261744966443	0.0395456892101187	0.0188951987609706	0.0487867836861125	0.0129581827568405	0.0776458440887971	0.0631905007743934	0.0573051109963862	0.0073309241094476	0.0431595250387197	0.0379969024264326	0.0299948373773877	0.0409395973154362	0.056169334021683	0.0644295302013423	0.0523489932885906	0.01672689726381
taxo=Eukaryota-Rhodophyta-Florideophyceae-Rhodymeniophycidae-Gelidium-coulteri-accession=NC-041173	0.0697949324150691	0.0638330677905124	0.102482397080742	0.0947216939918795	0.0395744462147299	0.0201469908002261	0.043429100066814	0.0130544277123914	0.0764763324253482	0.0634219047129568	0.0560209693169553	0.00704116770314026	0.04569049699337	0.04003700467698	0.033252813897312	0.0402425862157578	0.0559695739322609	0.0661972554864573	0.0494937554607596	0.0191190831063371
taxo=Eukaryota-Sar-Stramenopiles-Ochrophyta-Bacillariophyta-Bacillariophyceae-Nitzschia-palea-accession=AP018511	0.0698589864965868	0.0638297872340425	0.109771289052768	0.0876476157257462	0.0400617868354178	0.0188350191838158	0.0487817031242214	0.0129054761074294	0.0736459215705815	0.0614878668593353	0.0600926802531267	0.00822163535801485	0.0466889232149086	0.0371717574368429	0.0329363695251383	0.0397129901838657	0.0564054013652898	0.0651253176540934	0.0504758582889033	0.0163436145298719
taxo=Eukaryota-Sar-Stramenopiles-Ochrophyta-Bacillariophyta-Coscinodiscophyceae-Chaetoceros-laevisporus-accession=MW845779	0.0710005991611743	0.0647094068304374	0.107199920111843	0.0883263431196325	0.0403435190732974	0.0192230876772518	0.0473836628719792	0.0131316157379668	0.0752446574795287	0.0595166766526862	0.0592670261633713	0.00813860595166766	0.0466347114040343	0.0371479928100659	0.0326542840023966	0.0408428200519273	0.0572698222488516	0.0632614339924106	0.0511783503095666	0.0175254643499101
taxo=Eukaryota-Cryptophyceae-Cryptophyta-sp-CCMP2293-accession=MK798155	0.0760192091550015	0.0727495657504853	0.103606825380607	0.0798508225196689	0.0412281598038214	0.020690712169204	0.0421477470113416	0.0130274854398692	0.0799529988760601	0.0642689281700215	0.0544089097782773	0.0075610503729437	0.0407683662000613	0.0369367528353939	0.0326964340451619	0.0427608051496884	0.0585981403903137	0.0620721365076121	0.0529273526106059	0.0177275978338612
taxo=Eukaryota-Sar-Stramenopiles-Ochrophyta-Bacillariophyta-Fragilariophyceae-Thalassionema-frauenfeldii-accession=NC-060858	0.0659872868529916	0.0606901422661689	0.109625668449198	0.0900514579759863	0.0397033599031379	0.0192715164968217	0.0498436081121986	0.0130662899808294	0.074462718191908	0.0619009181717284	0.0600343053173242	0.00847543133891636	0.0497427101200686	0.0373827060841489	0.0324387044697811	0.0384925839975784	0.055746140651801	0.0666935727979013	0.0493391181515488	0.0170517606699627
taxo=Eukaryota-Sar-Stramenopiles-Ochrophyta-Bacillariophyta-Coscinodiscophyceae-Proboscia-sp-accession=MG755791	0.0674024226110363	0.0656258411843876	0.107994616419919	0.0883445491251682	0.0391386271870794	0.0191117092866756	0.0494751009421265	0.0136742934051144	0.0760699865410498	0.0621265141318977	0.060349932705249	0.008721399730821	0.0450067294751009	0.0362314939434724	0.0330551816958277	0.0398923283983849	0.0543741588156124	0.0637415881561238	0.0518438761776581	0.0178196500672948
taxo=Eukaryota-Glaucocystophyceae-Cyanoptyche-gloeocystis-accession=MF167427	0.075959723096287	0.0689741976085588	0.101510383889239	0.0897419760855884	0.0414096916299559	0.0205789804908748	0.0485210824417873	0.0140969162995595	0.0763373190685966	0.05764631843927	0.0553178099433606	0.0092511013215859	0.0442416614222782	0.0387035871617369	0.0308370044052863	0.0387035871617369	0.0539332913782253	0.0663310258023914	0.0491504090623033	0.0187539332913782
mag=CHL-MED-Bin-250-35-c-taxonomy=Red-Haptophyta	0.0727171972169201	0.0706853026291484	0.103626623976356	0.082753525029247	0.0379286989717382	0.0185949141062742	0.0442706729881165	0.0103441906286559	0.0781355827843113	0.0624345791515301	0.0584939351025183	0.00800443322455514	0.0435933747921926	0.0374976910288775	0.0301089834369805	0.0436549473554584	0.060217966873961	0.067606674465858	0.0536297026045194	0.0157010036327812
taxo=Eukaryota-Viridiplantae-Chlorophyta-Pyramimonadophyceae-Cymbomonas-tetramitiformis-accession=NC-030169	0.0745870612525809	0.0713179628355127	0.100911906400551	0.0789745354439092	0.0463695801789401	0.0243461803165864	0.0508430832759807	0.0172918100481762	0.0831039229181005	0.0612525808671714	0.055230557467309	0.00791465932553338	0.0382828630419821	0.0375086028905712	0.0319167240192705	0.0406056434962147	0.0527357192016518	0.0510151410874054	0.0547143840330351	0.0210770818995182
mag=CHL-AON-Bin-184-77-c-taxonomy=Red-Haptophyta	0.0711685703527049	0.0743065143717836	0.107694238734781	0.0819003388979541	0.038596711434668	0.0184511108321828	0.0436801807455755	0.0103552152629597	0.0768796284674281	0.0616919794150872	0.0603740429270742	0.00840968997113091	0.0432408685829045	0.0363373917409313	0.0310656457888791	0.0413581021714573	0.0608761139701268	0.0675913141709552	0.0520898707167064	0.0139324714447094
taxo=Eukaryota-Cryptophyceae-Pyrenomonadales-Rhodomonas-salina-accession=NC-009573	0.0787051242712488	0.0734888002454741	0.103610514472742	0.079165388155876	0.041474890048072	0.0200470491970952	0.0424465582489516	0.0131430909276874	0.0795233711772527	0.0614196583819167	0.0553339470185128	0.00731308172240974	0.0403498005523167	0.0374347959496778	0.030939961133272	0.0425999795438273	0.059783164569909	0.0612150966554158	0.0544134192492585	0.0175923084790836
taxo=Eukaryota-Sar-Stramenopiles-Ochrophyta-Dictyochophyceae-Dictyocha-speculum-accession=NC-043929	0.069542066027689	0.0697018104366347	0.108785942492013	0.086741214057508	0.0405218317358892	0.0191693290734824	0.048828541001065	0.013258785942492	0.0775292864749734	0.0648562300319489	0.0583067092651757	0.00830670926517572	0.0456869009584665	0.0339190628328008	0.0315761448349308	0.0409478168264111	0.0544728434504792	0.0605431309904153	0.0498935037273695	0.0174121405750799
taxo=Eukaryota-Sar-Stramenopiles-Ochrophyta-Bacillariophyta-Bacillariophyceae-Pseudo-nitzschia-americana-accession=NC-058782	0.0703633269942949	0.0655590031027925	0.107947152437193	0.0857771994795316	0.0399359423481133	0.0191672505254729	0.0486938244419978	0.0128615754178761	0.0733660294264838	0.0623561205084576	0.0601040936843159	0.00840756681012912	0.0470423381042939	0.038034230807727	0.0328795916324692	0.0413872485236713	0.0553998598738865	0.0639575618056251	0.0500950855770193	0.0166649984986488
taxo=Eukaryota-Haptophyta-Pavlovales-Pavlovaceae-Diacronema-lutheri-accession=NC-020371	0.0732697931333261	0.0720242608036391	0.102458572511643	0.0838297411458897	0.0406151846637063	0.0192786743203726	0.0488465287555507	0.0134300877287989	0.0777645402361096	0.0673670529622008	0.0545868081880212	0.00833965125094769	0.04175240983429	0.0347665980721326	0.0313007689808296	0.0408317989819127	0.0568612585291888	0.0631430737571753	0.0522040506877505	0.0173291454565147
mag=CHL-SOC-Bin-154-7-c-taxonomy=Red-Ochrophyta	0.0697048214194991	0.0656912056089011	0.108266016359295	0.0862165320327186	0.040695016003658	0.0195092211553117	0.0479093634100493	0.0124472895391963	0.0752934003962811	0.0596453792612915	0.0597469897881421	0.00899253162627648	0.0462327897170147	0.0365797896662094	0.0325153685921862	0.041914342325865	0.0555809581872682	0.0638622161255906	0.0520245897474978	0.0171721790377483
taxo=Eukaryota-Sar-Stramenopiles-Ochrophyta-Bacillariophyta-Coscinodiscophyceae-Rhizosolenia-fallax-accession=NC-038003	0.0680008607703895	0.0629438347320852	0.108833656122229	0.0919410372283193	0.0394878416182483	0.0192059393156875	0.0493867010974822	0.0136109317839466	0.074779427587691	0.061383688401119	0.0553582956746288	0.00801592425220572	0.0498170862922315	0.0356143748655046	0.0323326877555412	0.0390036582741554	0.0555196901226598	0.0660641273940177	0.0515386270712287	0.0171616096406284
taxo=Eukaryota-Glaucocystophyceae-Glaucocystis-sp-BBH-accession=MF167424	0.0762200808206403	0.0693192415293752	0.103636928815667	0.0834939384519739	0.0428349393845197	0.0202673298103823	0.0448243705315511	0.0134908299658067	0.0780851725209823	0.0573204849238421	0.0570718060304632	0.00795772458812558	0.0436431457880012	0.0394777743239043	0.0315822194591234	0.0397886229406279	0.0550823748834318	0.063350948088281	0.053652471246503	0.0188995958967983
taxo=Eukaryota-Rhodophyta-Bangiophyceae-Porphyridiales-Porphyridium-sordidum-accession=NC-031175	0.0731619165634036	0.0665014456836018	0.101714167699298	0.0920590665014457	0.0412019826517968	0.0209624122263527	0.0444031391986782	0.0128562577447336	0.0774473358116481	0.0622676579925651	0.0556588186699711	0.00681536555142503	0.0472945064023131	0.0371747211895911	0.0314952498967369	0.0419248244527055	0.0542647666253614	0.0634035522511359	0.0513217678645188	0.0180710450227179
mag=CHL-ARC-Bin-238-16-c-taxonomy=Red-Haptophyta	0.0756431588378344	0.0718674004863689	0.107257135543325	0.076987072827339	0.0413413541533342	0.0206706770766671	0.0474849609624984	0.0140151030334059	0.0825547164981441	0.0618200435172149	0.0602201459106617	0.00812747984129016	0.0385895302700627	0.0352617432484321	0.0300780750031998	0.0413413541533342	0.0555484448995264	0.0609880967618072	0.052796621016255	0.0174068859592986
mag=CHL-AON-Bin-220-7-c-taxonomy=Red-Ochrophyta	0.0715428084017486	0.0674912037530654	0.108007250239898	0.0831112058854889	0.0405160464868323	0.0192451220812453	0.0452073781853076	0.0118349504211536	0.0756477236379145	0.0606674485552831	0.0590148203433202	0.00874293634715855	0.0460070369975477	0.0350250559761169	0.0334257383516366	0.0425951593986566	0.0587482674059068	0.0645591214415183	0.0530973451327434	0.0155133809574582
mag=CHL-AON-Bin-184-89-c-taxonomy=Red-Cryptophyceae	0.0758332365578911	0.0745558007200093	0.0985367553129718	0.0817558936244339	0.0410521426082917	0.0202647776100337	0.0417489257925909	0.0119033793984439	0.0806526535826269	0.0635814655672976	0.05614911160144	0.00743235396585762	0.0405876204854256	0.0353036813378237	0.0308907211705957	0.0423876437115318	0.0601556149111601	0.0649750319358959	0.0545813494367669	0.0176518406689119
taxo=Eukaryota-Glaucocystophyceae-Cyanophora-biloba-accession=NC-038216	0.079917132274468	0.0698725594827045	0.102580199635884	0.0848138615104526	0.0413083056061272	0.0200263670035784	0.0446983489233474	0.0142507376483144	0.0794149036348798	0.0573168434930002	0.0555590432544416	0.0078473224935652	0.0419360914056124	0.0402410697470023	0.0298826040554963	0.0395505053675686	0.0590118651516103	0.0574424006528972	0.0559984933140812	0.0183313453449683
mag=CHL-AOS-Bin-125-7-c-taxonomy=Red-Haptophyta	0.0736928777274599	0.0696347703346468	0.106981120978651	0.0823972240192907	0.0402870081750279	0.0192319002528965	0.0458154443333529	0.0116450038228548	0.0788096218314415	0.0604599188378521	0.0586955243192378	0.00876315944245133	0.0425807210492266	0.0369346585896606	0.0301711462683056	0.0414632711874375	0.0599894136328883	0.063753455272599	0.0519320119978827	0.0167617479268364
mag=CHL-MED-Bin-263-12-c-taxonomy=Red-Haptophyta	0.0754444700992842	0.0713461094435465	0.106845993996767	0.0795428307550219	0.0394250750404064	0.0188755483722004	0.0460055414453937	0.0125836989148003	0.0784460863541907	0.0636111752482106	0.0584737935811591	0.00790810436388825	0.0417917340106211	0.0376933733548834	0.0317478642345879	0.0413876702839991	0.0561648580004618	0.0610713461094435	0.0543754329254214	0.0172592934657123
mag=CHL-MED-Bin-250-53-c-taxonomy=Red-New	0.0687312086590499	0.0698737221888154	0.105832832230908	0.0855081178592904	0.0403487672880337	0.0191822008418521	0.0498496692723993	0.0134095009019844	0.0784726398075767	0.0643415514131088	0.0558027660853879	0.00745640408899579	0.040829825616356	0.0371617558628984	0.0270595309681299	0.0400481058328322	0.0585688514732411	0.0647624774503909	0.056043295249549	0.0167167769092002
mag=CHL-MED-Bin-373-20-c-taxonomy=Red-Ochrophyta	0.0690085221367699	0.0637601330284764	0.107669923092912	0.086884223654126	0.0398046144252754	0.0187590937435045	0.0483787154437747	0.0133028476408231	0.0759197672001663	0.0604863853668676	0.059810850135107	0.00878195801288713	0.0487424651839534	0.0356474745375182	0.0334649760964456	0.0401163999168572	0.05684888796508	0.0655269174807732	0.0493140719185201	0.0177717730201621
taxo=Eukaryota-Haptophyta-Haptophyceae-sp-NIES-3900-accession=LC564893	0.0742411377626831	0.0732328592655487	0.103268945022288	0.0802908087454893	0.0414455529611547	0.0187858204202929	0.0457970706856294	0.0133729569093611	0.079229462959032	0.0637868817660794	0.0581617490978561	0.00827849713436638	0.0400127361494375	0.0368817660793887	0.0318403735937168	0.043249840798132	0.0576841434939503	0.0586393547017618	0.0543939715559329	0.0174060708978985
taxo=Eukaryota-Sar-Stramenopiles-Ochrophyta-Bacillariophyta-Coscinodiscophyceae-Leptocylindrus-danicus-accession=NC-024084	0.0722307299642675	0.0669729453802961	0.106789178152118	0.0881572230729964	0.040684022460439	0.0193466054109239	0.0468095967330271	0.0130168453292496	0.0762123532414497	0.0595712098009188	0.0599285349668198	0.00811638591117917	0.0480347115875447	0.0374680959673303	0.0324655436447167	0.0393057682491067	0.0564573762123532	0.0613578356304237	0.0505359877488515	0.0165390505359878
taxo=Eukaryota-Sar-Stramenopiles-Ochrophyta-Bacillariophyta-Coscinodiscophyceae-Rhizosolenia-setigera-accession=NC-037996	0.071957936905358	0.0671507260891337	0.10701051577366	0.0869303955933901	0.0398597896845268	0.0190285428142213	0.0476715072608913	0.0128192288432649	0.0741612418627942	0.0598397596394592	0.0593890836254382	0.00811216825237857	0.0472208312468703	0.0370055082623936	0.0326990485728593	0.0416624937406109	0.056835252879319	0.0624937406109164	0.0516274411617426	0.0165247871807712
mag=CHL-AOS-Bin-125-5-c-taxonomy=Red-New	0.0712516512549538	0.0697655217965654	0.0994881109643329	0.0881770145310436	0.0384742404227213	0.0180812417437252	0.05028071334214	0.0140356671070013	0.0816545574636724	0.0662978863936592	0.0579590488771466	0.00743064729194188	0.0407859973579921	0.0401254953764861	0.0251816380449141	0.0410336856010568	0.0566380449141347	0.0634081902245707	0.0508586525759577	0.0190719947159841
taxo=Eukaryota-Rhodophyta-Florideophyceae-Rhodymeniophycidae-Rhodomelaceae-Thaumatella-adunca-accession=NC-035291	0.0639121015165583	0.0584442381099763	0.100794387702466	0.102754565150108	0.0392035489528526	0.0203755287320747	0.0447229959764779	0.0127927370267203	0.0748478283297225	0.0641184359847313	0.054059630661302	0.00706695553492211	0.0520478695966161	0.0373981223563396	0.033838852780357	0.0401836376766739	0.0557103064066852	0.0707727225833075	0.0482306819354173	0.0187248529866914
mag=CHL-MED-Bin-263-5-c-taxonomy=Red-Haptophyta	0.0748903696110257	0.0722706304459252	0.105529927672419	0.0820092260379293	0.0404351045048123	0.0184520758585341	0.0454467794293525	0.0116179736887066	0.0777379121817871	0.060026197391651	0.0597414431345749	0.00825787345520815	0.0419727774930235	0.0386696281109403	0.0308673614670539	0.0427131385614215	0.0584885244034398	0.0613360669742013	0.0543311122501281	0.0152058773278661
mag=CHL-ION-Bin-84-23-c-taxonomy=Red-Ochrophyta	0.0661320246573703	0.0664911125740619	0.105152911604525	0.0943802741037764	0.0408761745167275	0.0196301394458076	0.0500927643784787	0.0138248847926267	0.0779819259081932	0.0599676820874978	0.0570351307678497	0.00873780597282901	0.0511101801424382	0.0335148722245496	0.0343527440301634	0.0380034711831947	0.054641211323239	0.0626608414626848	0.0478185409060985	0.0175953079178886
taxo=Eukaryota-Sar-Stramenopiles-Ochrophyta-Bacillariophyta-Coscinodiscophyceae-Actinocyclus-subtilis-accession=NC-038000	0.06705568690578	0.0601639921525228	0.10890889883797	0.093867900799839	0.0395895165752804	0.0184113889028623	0.0484933849791237	0.0132300417526033	0.0743498163891544	0.0611700789778158	0.057095427335379	0.00835052064993209	0.0489461240505056	0.0364203430756074	0.0345590824488153	0.0393882992102218	0.0559384274862921	0.0677599476834851	0.049600080486946	0.0167010412998642
taxo=Eukaryota-Rhodophyta-Compsopogonophyceae-Compsopogonales-Compsopogon-caeruleus-accession=NC-035350	0.0699355561782012	0.063771364527879	0.101765200336229	0.0967778089100588	0.0413000840571589	0.0201737181283273	0.0439899131409358	0.0135612216307089	0.0764920145699075	0.0625385261978145	0.0544690389464836	0.00734099187447464	0.0475203138133931	0.0386662930792939	0.0330064443821799	0.0412440459512468	0.0548052675819557	0.0648360885402073	0.0503222191089941	0.0174838890445503
taxo=Eukaryota-Sar-Stramenopiles-Ochrophyta-Bacillariophyta-Bacillariophyceae-Navicula-veneta-accession=NC-056794	0.0688052765702293	0.063158946684655	0.109328936191476	0.0895417978314096	0.0404736921001349	0.018887722980063	0.0477689501823815	0.0128916204467096	0.0746514765402488	0.0604107330235347	0.0589616749113077	0.0084944785889172	0.0477689501823815	0.0369759656223455	0.0330285314545545	0.0404736921001349	0.0560635586868535	0.0654574526557737	0.0500174886323889	0.0168390546145006
mag=CHL-AON-Bin-184-61-c-taxonomy=Red-Cryptophyceae	0.0744480813427119	0.0773730761195069	0.0958980430392089	0.0807855700257678	0.0438052789191448	0.0216588898948395	0.0387213594261439	0.0101678389860018	0.0805069990946445	0.0626784595027509	0.0573856118114075	0.0073124869419876	0.0402534995473222	0.0360052928476913	0.0305731596907863	0.0443624207813915	0.0614945330454767	0.0647677414861759	0.0556445434918866	0.0161571140051536
taxo=Eukaryota-Sar-Stramenopiles-Ochrophyta-Bacillariophyta-Bacillariophyceae-Nitzschia-supralitorea-accession=NC-056787	0.0690809190809191	0.0624875124875125	0.108091908091908	0.0895604395604396	0.0402597402597403	0.0194305694305694	0.0496003996003996	0.0129370629370629	0.0740759240759241	0.0609390609390609	0.0599400599400599	0.00824175824175824	0.0464535464535465	0.0372127872127872	0.032967032967033	0.0401598401598402	0.0556943056943057	0.0653346653346653	0.0503496503496504	0.0171828171828172
mag=CHL-MED-Bin-262-1-c-taxonomy=Red-Cryptophyceae	0.0809479117785077	0.0757273580478648	0.102944626935711	0.073791647114031	0.0431722196152041	0.0203542937587987	0.0421750351947442	0.0127287658376349	0.0818277803847959	0.0608282496480526	0.0579540122008447	0.00692163303613327	0.0383036133270765	0.0378930079774754	0.0297982167996246	0.0427029563585171	0.0604176442984514	0.0580713280150164	0.0555490380103238	0.0178906616611919
taxo=Eukaryota-Viridiplantae-Chlorophyta-Mamiellophyceae-Micromonas-commoda-accession=NC-012575	0.0852230483271375	0.0759293680297398	0.103810408921933	0.0643122676579926	0.0454460966542751	0.0238847583643123	0.0524163568773234	0.016635687732342	0.0845724907063197	0.0571561338289963	0.0577137546468401	0.00920074349442379	0.0357806691449814	0.0404275092936803	0.0307620817843866	0.0401486988847584	0.0490706319702602	0.0420074349442379	0.0608736059479554	0.0246282527881041
taxo=Eukaryota-Sar-Stramenopiles-Ochrophyta-Bacillariophyta-Mediophyceae-Eunotogramma-sp-accession=MG755797	0.0710336239103362	0.0650062266500623	0.108144458281445	0.0866251556662516	0.0401992528019925	0.0190784557907846	0.0480199252801993	0.0130012453300125	0.0742216687422167	0.0607222914072229	0.0594769613947696	0.00821917808219178	0.0473723536737235	0.0361145703611457	0.0332752179327522	0.0398007471980075	0.056986301369863	0.0638107098381071	0.051706102117061	0.0171855541718555
taxo=Eukaryota-Haptophyta-Prymnesiophyceae-Isochrysidales-Isochrysis-galbana-accession=NC-049168	0.0773289277339586	0.073598379876359	0.106107439778299	0.0779684502238329	0.0411959070560648	0.0195587294819868	0.0473246642506928	0.0134832658281816	0.0805798337241526	0.0608079300788744	0.0571306757620976	0.00836708590918781	0.0403432104028992	0.0370390108718823	0.0304306118098486	0.0409827328927734	0.0588360690684289	0.0595821786399488	0.051961202302281	0.0173736943082498
taxo=Eukaryota-Sar-Stramenopiles-Ochrophyta-Eustigmatophyceae-Characiopsis-acuta-accession=NC-040294	0.0697229038242863	0.0676880722963672	0.111257406188282	0.081752349033455	0.043449637919684	0.017475611945658	0.0509306361840924	0.0150218445149321	0.0780417738943085	0.0639176491711054	0.0557184750733138	0.00861811000059848	0.0406966305583817	0.0371655993775809	0.0346519839607397	0.0377042312526183	0.0518283559758214	0.0603866179903046	0.0547609072954695	0.0192112035430008
mag=CHL-ARC-Bin-238-34-c-taxonomy=Red-Haptophyta	0.074839708158302	0.0741764315719655	0.105903161618395	0.0780455449922618	0.0404598717665266	0.0196772053946496	0.0467609993367234	0.0127128012381163	0.0808644704841919	0.0613530842361265	0.060247623258899	0.00812513818262215	0.0404598717665266	0.0374751271280124	0.0311187265089542	0.0428918859164271	0.056710148131771	0.0611872650895423	0.0505748397081583	0.0164160955118284
taxo=Eukaryota-Sar-Stramenopiles-Ochrophyta-Bolidophyceae-Parmales-Triparma-laevis-accession=NC-027746	0.0717511804557586	0.0662081708068158	0.106087045781154	0.0875076986245124	0.0398788749743379	0.0197084787517963	0.0459864504208581	0.0129336891808664	0.0788852391706015	0.0600492711968795	0.0592794087456374	0.00769862451242045	0.0490659002258263	0.0359269143912954	0.0306918497228495	0.0414699240402381	0.0573290905358243	0.0623588585506056	0.0500410593307329	0.0171422705809895
mag=CHL-AON-Bin-184-65-c-taxonomy=Red-Haptophyta	0.0734581159864989	0.0724762196992943	0.1053083768027	0.0789199140840749	0.0393985885240871	0.0201288738876956	0.0442467014421602	0.01264191469776	0.0805768640687327	0.0620435716477447	0.0597115679656336	0.00779380177968702	0.0417305922061982	0.0357164774470697	0.0306228904571955	0.042528382939552	0.0582387235348266	0.0651119975452593	0.0524087143295489	0.0169377109542805
taxo=Eukaryota-Sar-Stramenopiles-Ochrophyta-Xanthophyceae-Vaucheria-litorea-accession=NC-011600	0.0622857142857143	0.0576103896103896	0.107584415584416	0.104831168831169	0.0397922077922078	0.0178181818181818	0.0496103896103896	0.0130909090909091	0.0743376623376623	0.0606233766233766	0.0576103896103896	0.00748051948051948	0.0521038961038961	0.0366233766233766	0.0325714285714286	0.0358441558441558	0.0558961038961039	0.0695584415584416	0.0473246753246753	0.0174025974025974
taxo=Eukaryota-Sar-Stramenopiles-Ochrophyta-Bacillariophyta-Bacillariophyceae-Eunotia-naegelii-accession=KF733443	0.0679452054794521	0.0604234122042341	0.108642590286426	0.0944458281444583	0.0401494396014944	0.0179327521793275	0.0480199252801993	0.0130510585305106	0.0736737235367372	0.0600747198007472	0.0587297633872976	0.00846824408468244	0.0487173100871731	0.0356164383561644	0.0333748443337484	0.0401494396014944	0.0560398505603985	0.0663511830635118	0.0512079701120797	0.016986301369863
mag=CHL-AON-Bin-184-87-c-taxonomy=Red-Haptophyta	0.0719664763755618	0.0757318110044941	0.107372768128264	0.0774322847078829	0.0400218632333293	0.0191910603668165	0.0459127899914976	0.0117818535163367	0.0791327584112717	0.0621887525810762	0.0605490100813798	0.00850236851694401	0.0414186809182558	0.0361957974007045	0.0317016883274627	0.041843799344103	0.0578768371189117	0.0619458277663063	0.0526539536013604	0.0165796186080408
taxo=Eukaryota-Sar-Stramenopiles-Ochrophyta-Chrysophyceae-Ochromonas-sp-CCMP1393-accession=KJ877675	0.0650894608571598	0.0631278606669441	0.106401949711704	0.0887475479997622	0.0410152767045117	0.0178327290019616	0.0520715686857279	0.0141472983415562	0.0779290257385722	0.0659216548772514	0.0593235451465256	0.00903524936099388	0.0481483683052963	0.0327527789336028	0.0349521488438447	0.0386375795042501	0.052309338405754	0.0660405397372645	0.0485644653153421	0.0179516138619747
mag=CHL-AOS-Bin-173-4-c-taxonomy=Red-Ochrophyta	0.0741799062750029	0.0686364155903532	0.104183335238313	0.0857240827523146	0.0414333066636187	0.0190307463710138	0.0432049377071665	0.0116013258658132	0.0788090067436278	0.0592639158761001	0.0625785804091896	0.00708652417419134	0.045148016916219	0.035889815978969	0.0300034289633101	0.0426905932106526	0.0590924677105955	0.0648645559492513	0.0495485198308378	0.0170305177734598
taxo=Eukaryota-Rhodophyta-Bangiophyceae-Cyanidiales-Cyanidioschyzon-merolae-accession=NC-004799	0.0856681903737564	0.0746437214304921	0.106480236622748	0.0729766066146814	0.0392040871201936	0.0263511696692659	0.0387200860446357	0.0178542618983598	0.07512772250605	0.0568970153267007	0.0510890024200054	0.00978757730572735	0.0346329658510352	0.0525410056466792	0.0316751815004033	0.0368916375369723	0.0545845657434794	0.0562516805592901	0.055713901586448	0.0229093842430761
taxo=Eukaryota-Rhodophyta-Florideophyceae-Rhodymeniophycidae-Gracilaria-changii-accession=NC-038051	0.0696834946377191	0.0589066178393931	0.102484959455925	0.100287732147528	0.0398116662307089	0.0200889353910541	0.0433690818728747	0.0128171592989799	0.0753858226523672	0.0611561600837039	0.0553492021972273	0.00711483128433168	0.0484959455924667	0.03907925712791	0.0324875752027204	0.0401778707821083	0.0552445723253989	0.0706251634841747	0.0483913157206382	0.0190426366727701
taxo=Eukaryota-Sar-Stramenopiles-Ochrophyta-Bacillariophyta-Bacillariophyceae-Fistulifera-solaris-accession=NC-015403	0.0709913706602448	0.0658238009231387	0.108870158539033	0.085591009432069	0.0403873168773831	0.0187136263295204	0.0482139273530002	0.0128938390527794	0.0743026289383905	0.0613084487256673	0.0592514549468192	0.00822797511539233	0.0471101745936183	0.0367248645394341	0.0330122416215131	0.0402368051374674	0.0561408789885611	0.0644691952638972	0.0508729680915111	0.0168573148705599
mag=CHL-ARC-Bin-303-35-c-taxonomy=Red-Ochrophyta	0.0653427290198591	0.0588831945334187	0.108691010036302	0.0956117873158232	0.0386504377535768	0.0193786034593209	0.0475122784539825	0.012011531069827	0.072709801409353	0.062780269058296	0.0589899636984839	0.00864830237027546	0.0493273542600897	0.0356075165492206	0.0333119795003203	0.0393444373265001	0.0568011958146487	0.0680653427290199	0.0515695067264574	0.0167627589152253
mag=CHL-ARC-Bin-303-19-c-taxonomy=Red-Ochrophyta	0.0682540537628616	0.0624898992619727	0.108226041049399	0.0875936001723859	0.0401874696977859	0.0198243818348327	0.0475677422830361	0.0136831331142595	0.0754188439368637	0.0611431341916716	0.0597424985185584	0.00872703765555136	0.0477293540914723	0.0352313742390777	0.0332381619350321	0.0407800463287184	0.0554867208964068	0.065183429402575	0.0518235199051877	0.0176695577223509
taxo=Eukaryota-Rhodophyta-Bangiophyceae-Galdieriales-Galdieria-sulphuraria-accession=KJ700459	0.0663709887816332	0.0589094703887295	0.105504826506653	0.106339681711453	0.0382468040699191	0.0185755283068093	0.0453952517610227	0.0127837203235064	0.0717975476128359	0.0610487868510305	0.0507696321419254	0.00725280459170363	0.0523871641012262	0.0352204539525176	0.0347508478998174	0.0381946256196191	0.058022436733629	0.0734672580224367	0.0465431776676233	0.0184189929559092
taxo=Eukaryota-Sar-Stramenopiles-Ochrophyta-Bacillariophyta-Mediophyceae-Eucampia-zodiacus-accession=NC-057645	0.0704689606952005	0.0654247615242471	0.107276631873346	0.0864505818308945	0.0404035359336763	0.019477600759127	0.0483444039354742	0.0129850671727513	0.0755131598661539	0.0609798731458822	0.0594815961644109	0.00869000649253359	0.0457473905009239	0.0365080157818509	0.0323627827997803	0.04125255955651	0.0566348698996154	0.0634770014483344	0.0512910153323678	0.01723018528692
taxo=Eukaryota-Sar-Stramenopiles-Ochrophyta-Bacillariophyta-Bacillariophyceae-Pseudo-nitzschia-cuspidata-accession=NC-058785	0.06908108648892	0.06567955580011	0.108949027062178	0.086188784953229	0.0400180081036466	0.0183582612175479	0.0487719473763193	0.0128557851032965	0.0738832474613576	0.0621279575809114	0.0605272372567655	0.00835375919163624	0.0471712270521735	0.0373167925566505	0.0324646090740833	0.0409684357961082	0.0559751888349757	0.0642289030063529	0.0499724876194287	0.0171076984643089
taxo=Eukaryota-Sar-Stramenopiles-Ochrophyta-Bacillariophyta-Coscinodiscophyceae-Guinardia-striata-accession=NC-037998	0.072146392680366	0.0668466576671166	0.106844657767112	0.0860456977151142	0.0403979801009949	0.0194990250487476	0.0474976251187441	0.0128493575321234	0.0751462426878656	0.0599970001499925	0.0595970201489925	0.00809959502024899	0.0462976851157442	0.0364481775911204	0.0329483525823709	0.0412479376031198	0.0573971301434928	0.0621468926553672	0.0517974101294935	0.0167491625418729
mag=CHL-AOS-Bin-89-8-c-taxonomy=Red-Cryptophyceae	0.0765229515229515	0.0737880737880738	0.0998498498498498	0.0797940797940798	0.041023166023166	0.0208065208065208	0.0423637923637924	0.0121728871728872	0.0798477048477048	0.0648863148863149	0.0551265551265551	0.00756113256113256	0.0398434148434148	0.0364650364650365	0.0312634062634063	0.0425782925782926	0.0614006864006864	0.0635993135993136	0.0543758043758044	0.0167310167310167
Mean_Freq_Across_Taxa	0.0722427178494784	0.0679901519887613	0.105710171889025	0.0858328508722448	0.0406073835633963	0.019685029392868	0.0466014680811451	0.0131144268633323	0.0772819915138638	0.0617218486404299	0.0576813859869435	0.00809620358979868	0.0445161857457905	0.0372472106395716	0.0319053170583249	0.0406537133467485	0.0565747531059404	0.063171975226373	0.0517928896526331	0.0175723249933313	
